1754190599 davi 0 1754189621
1754189959 juan 0 1754189623
1754190098 pedro 0 1754189624
1754225521 a 0 1754225075
1754225842 b 0 1754225075
1754226021 c 0 1754225076
1754225797 luis 0 1754225607
1754225627 alejandro 0 1754225611
1754226551 loca 0 1754225626
1754240387 juan 0 1754240174
1754240478 pedro 0 1754240175
1754240975 luis 0 1754240177
1754241028 a 0 1754240321
1754241001 v 0 1754240321
1754240866 s 0 1754240322
1754240690 1 0 1754240346
1754241337 2 0 1754240346
1754240524 3 0 1754240347
1754241164 d 0 1754240353
1754240699 a 0 1754240353
1754241207 s 0 1754240353
1754240766 a 0 1754240358
1754240767 2 0 1754240358
1754241325 f 0 1754240359
1754240449 s 0 1754240359
1754241993 a 0 1754241721
1754242161 s 0 1754241721
1754242161 sc 0 1754241722
1754242556 d 0 1754241722
1754447143 a 0 1754446742
1754447274 s 0 1754446743
1754447375 c 0 1754446743
1754623769 e 0 1754622851
1754623165 f 0 1754622852
1754623224 s 0 1754622852
1754624238 d 0 1754623602
1754624448 s 0 1754623603
1754624127 c 0 1754623603
1754626342 w 0 1754625379
1754625434 d 0 1754625379
1754626059 s 0 1754625380
1754666434 qw 53 1754665977
1754666901 w 54 1754665977
1754666090 e 126 1754665978
1754666573 r 35 1754665979
1754689879 e 20 1754689127
1754689468 r 50 1754689128
1754689882 ty 16 1754689129
1754689437 s 0 1754689130
1754772723 t 0 1754772351
1754772724 d 50 1754772352
1754772926 f 12 1754772352
1754780292 u 100 1754780164
1754780929 y 12 1754780164
1754780655 t 6 1754780165
1754780492 r 5 1754780165
1754781249 t 0 1754780442
1754780653 g 0 1754780444
1754781130 h 50 1754780444
1754781205 b 0 1754780444
1754780776 j 0 1754780511
1754781170 g 0 1754780512
1754780814 v 50 1754780512
1754781033 bn 0 1754780512
1754781271 h 50 1754780581
1754781315 f 0 1754780581
1754780942 v 0 1754780582
